all: bubble.c bubble.h merge.c merge.h
	clear
	make bubble
	make merge
	make test

bubble: bubble.c bubble.h
	gcc bubble.c -o bubble

merge: merge.c merge.h
	gcc merge.c -o merge

test: bubble merge
	./bubble 92 83 58 9 16 45 22 75 99 44 26 29 74 19 87 82 2 41 7 86 27 13 95 35 21 96 25 51 85 52 80 79 70 18 55 88 1 43 91 56 38 47 10 69 46 63 98 39 4 94 37 61 31 66 3 71 72 59 49 5 15 28 48 93 8 32 53 97 33 60 40 77 57 65 68 34 90 30 76 64 11 89 50 54 23 100 73 6 12 20 67 62 24 36 78 17 84 81 42 14
	./merge 92 83 58 9 16 45 22 75 99 44 26 29 74 19 87 82 2 41 7 86 27 13 95 35 21 96 25 51 85 52 80 79 70 18 55 88 1 43 91 56 38 47 10 69 46 63 98 39 4 94 37 61 31 66 3 71 72 59 49 5 15 28 48 93 8 32 53 97 33 60 40 77 57 65 68 34 90 30 76 64 11 89 50 54 23 100 73 6 12 20 67 62 24 36 78 17 84 81 42 14
	
clean: merge bubble
	rm merge bubble